=== Run information ===

Evaluator:    weka.attributeSelection.CfsSubsetEval -P 1 -E 1
Search:       weka.attributeSelection.GeneticSearch -Z 20 -G 20 -C 0.6 -M 0.033 -R 20 -S 1
Relation:     shear_viscosity
Instances:    13200
Attributes:   52
              Pressure
              Temperature
              X1
              X2
              X3
              X4
              X5
              X6
              X7
              X8
              X9
              X10
              X11
              X12
              X13
              X14
              X15
              X16
              X17
              X18
              X19
              X20
              X21
              X22
              X23
              X24
              X25
              X26
              X27
              X28
              X29
              X30
              X31
              X32
              X33
              X34
              X35
              X36
              X37
              X38
              X39
              X40
              X41
              X42
              X43
              X44
              X45
              X46
              X47
              X48
              X49
              Viscosity
Evaluation mode:    evaluate on all training data



=== Attribute Selection on all input data ===

Search Method:
	Genetic search.
	Start set: no attributes
	Population size: 20
	Number of generations: 20
	Probability of crossover:  0.6  
	Probability of mutation:  0.033
	Report frequency: 20
	Random number seed: 1

Initial population
merit   	scaled  	subset
 0      	 0.15971	1 4 11 16 19 23 25 29 35 42 47 49 
 0.94778	 0.6162 	2 4 5 9 10 13 16 19 21 24 31 36 40 41 42 51 
 0.08185	 0.19913	1 2 4 5 6 8 9 13 14 15 16 17 18 20 22 24 25 26 29 30 31 32 34 36 37 38 39 40 41 44 47 49 
 0.00001	 0.15971	1 3 4 5 8 10 11 12 14 17 18 21 22 26 27 28 30 31 33 35 36 37 38 45 46 51 
 0.08185	 0.19913	1 2 3 4 6 9 10 11 12 15 17 18 19 24 28 33 34 38 39 40 41 42 43 44 45 46 47 48 49 
 0.00001	 0.15971	1 3 4 5 6 7 10 11 14 15 17 19 20 26 27 28 32 33 34 36 38 41 42 43 44 45 47 48 50 
 0      	 0.15971	1 4 5 7 9 11 13 14 18 19 21 24 28 32 33 36 39 40 41 42 45 46 47 48 49 50 
 0.72269	 0.50779	4 5 8 10 11 14 17 18 21 24 26 27 30 31 32 34 36 37 40 44 45 47 49 50 
 0.36838	 0.33714	3 4 9 13 14 15 16 17 18 20 21 23 24 26 27 29 31 34 35 36 41 44 47 49 50 51 
 0.38416	 0.34473	3 4 8 9 10 16 17 22 23 25 30 31 32 33 36 38 39 46 48 49 50 51 
 0      	 0.15971	1 4 5 6 8 9 10 11 13 14 15 16 17 18 19 21 23 24 25 26 29 32 35 37 38 39 40 41 43 46 48 49 
 0.3879 	 0.34654	3 8 14 19 22 28 34 49 
 0.71498	 0.50407	4 5 7 11 13 24 26 31 32 39 44 48 49 50 
 0      	 0.15971	1 3 8 9 14 16 17 28 39 41 42 44 45 46 
 0      	 0.1597 	1 19 20 34 
 0.71303	 0.50313	15 45 49 
 0.94773	 0.61618	2 3 6 9 20 21 25 29 32 34 35 40 43 47 49 
 0      	 0.15971	1 4 8 9 11 13 17 20 25 26 28 30 33 35 37 39 41 43 44 45 48 50 51 
 0.8116 	 0.55061	7 9 11 14 24 27 28 30 31 41 44 48 49 
 0.00001	 0.15971	1 3 4 6 7 10 13 16 17 18 19 21 23 24 26 27 28 31 32 34 35 36 40 42 43 44 46 47 49 

Generation: 20
merit   	scaled  	subset
 0.94778	 1.12703	2 4 5 6 7 9 12 15 16 21 24 30 31 32 33 34 39 41 47 50 51 
 0.94778	 1.12703	2 4 5 6 7 9 12 15 16 21 24 30 31 32 33 34 39 41 47 50 51 
 0.94778	 0.89599	2 4 6 7 9 11 15 21 24 30 31 32 33 34 39 40 41 42 43 45 51 
 0.94778	 1.06688	2 4 5 6 9 10 15 16 18 20 21 23 25 28 31 32 34 36 41 42 43 50 51 
 0.94778	 1.1352 	2 4 5 6 7 9 11 12 15 24 30 31 32 33 34 37 39 40 42 43 51 
 0.94778	 1.06528	2 4 5 6 9 11 12 15 21 24 30 31 32 33 34 39 41 42 43 51 
 0.94777	 0.00074	2 3 4 9 10 14 17 20 24 27 29 30 31 33 34 38 39 40 41 42 43 45 51 
 0.94778	 1.0667 	2 4 5 6 9 10 15 16 18 20 23 25 28 31 32 34 36 41 42 43 50 51 
 0.94777	 0      	2 3 4 9 10 14 20 24 25 27 29 30 31 33 34 39 40 41 42 43 45 50 51 
 0.94778	 1.10599	2 4 5 6 7 11 15 16 21 22 24 29 31 32 34 35 40 41 42 45 46 51 
 0.94778	 1.1141 	2 4 5 6 7 11 13 14 15 16 17 18 20 21 23 25 26 31 33 34 38 40 41 42 43 49 51 
 0.94778	 1.12155	2 4 5 6 7 9 15 17 18 20 21 22 23 28 31 33 34 37 39 40 41 42 43 50 51 
 0.94778	 1.01056	2 4 5 7 9 11 12 15 24 26 30 31 32 33 34 37 39 40 41 42 43 50 51 
 0.94777	 0.39804	2 3 4 5 6 7 11 15 16 21 24 29 31 32 34 35 40 41 42 45 46 47 51 
 0.94778	 1.13636	2 4 5 6 7 9 11 12 15 17 21 22 24 25 30 31 32 33 34 39 40 41 42 43 51 
 0.94778	 1.12704	2 4 5 6 7 9 12 15 16 21 24 29 31 32 34 35 40 41 42 45 46 50 51 
 0.94778	 1.06688	2 4 5 6 9 10 15 16 18 20 21 23 25 28 31 32 34 36 41 42 43 49 50 51 
 0.94778	 1.13011	2 4 5 6 7 9 12 14 15 17 18 20 21 23 27 31 33 34 38 39 40 41 42 43 44 50 51 
 0.94778	 1.13001	2 4 5 6 7 9 12 14 15 17 18 20 21 27 31 33 34 38 39 40 41 42 43 49 50 51 
 0.94778	 1.13011	2 4 5 6 7 9 12 14 15 17 18 20 21 23 27 31 33 34 38 39 40 41 42 43 49 50 51 

Attribute Subset Evaluator (supervised, Class (numeric): 52 Viscosity):
	CFS Subset Evaluator
	Including locally predictive attributes

Selected attributes: 2,4,5,6,7,9,12,14,15,17,18,20,21,23,27,31,33,34,38,39,40,41,42,43,49,50,51 : 27
                     Temperature
                     X2
                     X3
                     X4
                     X5
                     X7
                     X10
                     X12
                     X13
                     X15
                     X16
                     X18
                     X19
                     X21
                     X25
                     X29
                     X31
                     X32
                     X36
                     X37
                     X38
                     X39
                     X40
                     X41
                     X47
                     X48
                     X49

