=== Run information ===

Evaluator:    weka.attributeSelection.PrincipalComponents -R 0.95 -A 5
Search:       weka.attributeSelection.Ranker -T -1.7976931348623157E308 -N -1
Relation:     shear_viscosity
Instances:    13200
Attributes:   52
              Pressure
              Temperature
              X1
              X2
              X3
              X4
              X5
              X6
              X7
              X8
              X9
              X10
              X11
              X12
              X13
              X14
              X15
              X16
              X17
              X18
              X19
              X20
              X21
              X22
              X23
              X24
              X25
              X26
              X27
              X28
              X29
              X30
              X31
              X32
              X33
              X34
              X35
              X36
              X37
              X38
              X39
              X40
              X41
              X42
              X43
              X44
              X45
              X46
              X47
              X48
              X49
              Viscosity
Evaluation mode:    evaluate on all training data



=== Attribute Selection on all input data ===

Search Method:
	Attribute ranking.

Attribute Evaluator (unsupervised):
	Principal Components Attribute Transformer

Correlation matrix
  1     -0     -0      0      0      0     -0     -0      0     -0      0      0      0      0      0     -0      0     -0     -0     -0     -0     -0      0      0      0     -0     -0      0     -0      0      0      0      0      0     -0     -0     -0      0     -0     -0     -0     -0      0      0      0     -0      0      0      0     -0     -0    
 -0      1     -0.51   0.32   0.55   0.65   0.69   0.71   0.72   0.72   0.71   0.71   0.7    0.69   0.68   0.68   0.67   0.66   0.65   0.65   0.64   0.63   0.63   0.62   0.61   0.61   0.6    0.6    0.59   0.59   0.58   0.58   0.57   0.57   0.56   0.56   0.56   0.55   0.55   0.55   0.54   0.54   0.54   0.53   0.53   0.53   0.53   0.52   0.52   0.52  -0    
 -0     -0.51   1      0.34   0.11   0.01  -0.04  -0.08  -0.1   -0.11  -0.12  -0.12  -0.12  -0.13  -0.13  -0.13  -0.13  -0.13  -0.13  -0.13  -0.13  -0.13  -0.13  -0.13  -0.13  -0.12  -0.12  -0.12  -0.12  -0.12  -0.12  -0.12  -0.12  -0.12  -0.12  -0.12  -0.12  -0.12  -0.12  -0.12  -0.11  -0.11  -0.11  -0.11  -0.11  -0.11  -0.11  -0.11  -0.11  -0.11  -0.78 
  0      0.32   0.34   1      0.92   0.82   0.73   0.66   0.61   0.56   0.53   0.49   0.47   0.45   0.43   0.41   0.39   0.38   0.37   0.35   0.34   0.34   0.33   0.32   0.31   0.31   0.3    0.29   0.29   0.28   0.28   0.27   0.27   0.27   0.26   0.26   0.26   0.25   0.25   0.25   0.24   0.24   0.24   0.24   0.24   0.23   0.23   0.23   0.23   0.23  -0.81 
  0      0.55   0.11   0.92   1      0.97   0.93   0.88   0.84   0.8    0.76   0.73   0.7    0.68   0.66   0.64   0.62   0.6    0.59   0.57   0.56   0.55   0.54   0.53   0.52   0.51   0.5    0.49   0.49   0.48   0.47   0.47   0.46   0.46   0.45   0.45   0.44   0.44   0.43   0.43   0.43   0.42   0.42   0.42   0.41   0.41   0.41   0.4    0.4    0.4   -0.7  
  0      0.65   0.01   0.82   0.97   1      0.99   0.96   0.93   0.9    0.88   0.85   0.83   0.81   0.78   0.77   0.75   0.73   0.72   0.7    0.69   0.68   0.67   0.65   0.64   0.63   0.63   0.62   0.61   0.6    0.59   0.59   0.58   0.58   0.57   0.56   0.56   0.55   0.55   0.54   0.54   0.54   0.53   0.53   0.53   0.52   0.52   0.52   0.51   0.51  -0.62 
 -0      0.69  -0.04   0.73   0.93   0.99   1      0.99   0.98   0.96   0.94   0.92   0.9    0.88   0.86   0.84   0.83   0.81   0.8    0.79   0.77   0.76   0.75   0.74   0.73   0.72   0.71   0.7    0.69   0.69   0.68   0.67   0.67   0.66   0.65   0.65   0.64   0.64   0.63   0.63   0.62   0.62   0.61   0.61   0.61   0.6    0.6    0.6    0.59   0.59  -0.56 
 -0      0.71  -0.08   0.66   0.88   0.96   0.99   1      1      0.99   0.97   0.96   0.94   0.93   0.91   0.9    0.88   0.87   0.86   0.84   0.83   0.82   0.81   0.8    0.79   0.78   0.77   0.76   0.76   0.75   0.74   0.73   0.73   0.72   0.72   0.71   0.7    0.7    0.69   0.69   0.68   0.68   0.68   0.67   0.67   0.66   0.66   0.66   0.65   0.65  -0.52 
  0      0.72  -0.1    0.61   0.84   0.93   0.98   1      1      1      0.99   0.98   0.97   0.96   0.94   0.93   0.92   0.91   0.9    0.89   0.87   0.86   0.85   0.85   0.84   0.83   0.82   0.81   0.8    0.8    0.79   0.78   0.78   0.77   0.76   0.76   0.75   0.75   0.74   0.74   0.73   0.73   0.72   0.72   0.72   0.71   0.71   0.71   0.7    0.7   -0.48 
 -0      0.72  -0.11   0.56   0.8    0.9    0.96   0.99   1      1      1      0.99   0.98   0.98   0.97   0.96   0.95   0.94   0.93   0.92   0.91   0.9    0.89   0.88   0.87   0.86   0.86   0.85   0.84   0.83   0.83   0.82   0.81   0.81   0.8    0.8    0.79   0.79   0.78   0.78   0.77   0.77   0.76   0.76   0.76   0.75   0.75   0.75   0.74   0.74  -0.45 
  0      0.71  -0.12   0.53   0.76   0.88   0.94   0.97   0.99   1      1      1      0.99   0.99   0.98   0.97   0.97   0.96   0.95   0.94   0.93   0.92   0.91   0.91   0.9    0.89   0.88   0.88   0.87   0.86   0.86   0.85   0.85   0.84   0.83   0.83   0.82   0.82   0.81   0.81   0.81   0.8    0.8    0.79   0.79   0.79   0.78   0.78   0.78   0.77  -0.43 
  0      0.71  -0.12   0.49   0.73   0.85   0.92   0.96   0.98   0.99   1      1      1      1      0.99   0.98   0.98   0.97   0.96   0.96   0.95   0.94   0.94   0.93   0.92   0.91   0.91   0.9    0.89   0.89   0.88   0.88   0.87   0.87   0.86   0.86   0.85   0.85   0.84   0.84   0.83   0.83   0.83   0.82   0.82   0.82   0.81   0.81   0.81   0.8   -0.41 
  0      0.7   -0.12   0.47   0.7    0.83   0.9    0.94   0.97   0.98   0.99   1      1      1      1      0.99   0.99   0.98   0.98   0.97   0.96   0.96   0.95   0.94   0.94   0.93   0.93   0.92   0.91   0.91   0.9    0.9    0.89   0.89   0.88   0.88   0.87   0.87   0.87   0.86   0.86   0.85   0.85   0.85   0.84   0.84   0.84   0.83   0.83   0.83  -0.39 
  0      0.69  -0.13   0.45   0.68   0.81   0.88   0.93   0.96   0.98   0.99   1      1      1      1      1      0.99   0.99   0.99   0.98   0.97   0.97   0.96   0.96   0.95   0.95   0.94   0.94   0.93   0.93   0.92   0.92   0.91   0.91   0.9    0.9    0.89   0.89   0.88   0.88   0.88   0.87   0.87   0.87   0.86   0.86   0.86   0.85   0.85   0.85  -0.38 
  0      0.68  -0.13   0.43   0.66   0.78   0.86   0.91   0.94   0.97   0.98   0.99   1      1      1      1      1      0.99   0.99   0.99   0.98   0.98   0.97   0.97   0.96   0.96   0.95   0.95   0.94   0.94   0.94   0.93   0.93   0.92   0.92   0.91   0.91   0.91   0.9    0.9    0.89   0.89   0.89   0.88   0.88   0.88   0.87   0.87   0.87   0.87  -0.37 
 -0      0.68  -0.13   0.41   0.64   0.77   0.84   0.9    0.93   0.96   0.97   0.98   0.99   1      1      1      1      1      1      0.99   0.99   0.99   0.98   0.98   0.97   0.97   0.96   0.96   0.96   0.95   0.95   0.94   0.94   0.93   0.93   0.93   0.92   0.92   0.92   0.91   0.91   0.91   0.9    0.9    0.9    0.89   0.89   0.89   0.89   0.88  -0.35 
  0      0.67  -0.13   0.39   0.62   0.75   0.83   0.88   0.92   0.95   0.97   0.98   0.99   0.99   1      1      1      1      1      1      0.99   0.99   0.99   0.98   0.98   0.98   0.97   0.97   0.96   0.96   0.96   0.95   0.95   0.95   0.94   0.94   0.93   0.93   0.93   0.92   0.92   0.92   0.92   0.91   0.91   0.91   0.9    0.9    0.9    0.9   -0.34 
 -0      0.66  -0.13   0.38   0.6    0.73   0.81   0.87   0.91   0.94   0.96   0.97   0.98   0.99   0.99   1      1      1      1      1      1      0.99   0.99   0.99   0.99   0.98   0.98   0.98   0.97   0.97   0.97   0.96   0.96   0.95   0.95   0.95   0.94   0.94   0.94   0.94   0.93   0.93   0.93   0.92   0.92   0.92   0.92   0.91   0.91   0.91  -0.33 
 -0      0.65  -0.13   0.37   0.59   0.72   0.8    0.86   0.9    0.93   0.95   0.96   0.98   0.99   0.99   1      1      1      1      1      1      1      1      0.99   0.99   0.99   0.98   0.98   0.98   0.98   0.97   0.97   0.97   0.96   0.96   0.96   0.95   0.95   0.95   0.94   0.94   0.94   0.94   0.93   0.93   0.93   0.93   0.92   0.92   0.92  -0.33 
 -0      0.65  -0.13   0.35   0.57   0.7    0.79   0.84   0.89   0.92   0.94   0.96   0.97   0.98   0.99   0.99   1      1      1      1      1      1      1      1      0.99   0.99   0.99   0.99   0.98   0.98   0.98   0.98   0.97   0.97   0.97   0.96   0.96   0.96   0.96   0.95   0.95   0.95   0.95   0.94   0.94   0.94   0.94   0.93   0.93   0.93  -0.32 
 -0      0.64  -0.13   0.34   0.56   0.69   0.77   0.83   0.87   0.91   0.93   0.95   0.96   0.97   0.98   0.99   0.99   1      1      1      1      1      1      1      1      0.99   0.99   0.99   0.99   0.99   0.98   0.98   0.98   0.98   0.97   0.97   0.97   0.96   0.96   0.96   0.96   0.96   0.95   0.95   0.95   0.95   0.94   0.94   0.94   0.94  -0.31 
 -0      0.63  -0.13   0.34   0.55   0.68   0.76   0.82   0.86   0.9    0.92   0.94   0.96   0.97   0.98   0.99   0.99   0.99   1      1      1      1      1      1      1      1      1      0.99   0.99   0.99   0.99   0.98   0.98   0.98   0.98   0.98   0.97   0.97   0.97   0.97   0.96   0.96   0.96   0.96   0.96   0.95   0.95   0.95   0.95   0.95  -0.3  
  0      0.63  -0.13   0.33   0.54   0.67   0.75   0.81   0.85   0.89   0.91   0.94   0.95   0.96   0.97   0.98   0.99   0.99   1      1      1      1      1      1      1      1      1      1      0.99   0.99   0.99   0.99   0.99   0.98   0.98   0.98   0.98   0.98   0.97   0.97   0.97   0.97   0.97   0.96   0.96   0.96   0.96   0.96   0.95   0.95  -0.3  
  0      0.62  -0.13   0.32   0.53   0.65   0.74   0.8    0.85   0.88   0.91   0.93   0.94   0.96   0.97   0.98   0.98   0.99   0.99   1      1      1      1      1      1      1      1      1      1      0.99   0.99   0.99   0.99   0.99   0.99   0.98   0.98   0.98   0.98   0.98   0.97   0.97   0.97   0.97   0.97   0.96   0.96   0.96   0.96   0.96  -0.29 
  0      0.61  -0.13   0.31   0.52   0.64   0.73   0.79   0.84   0.87   0.9    0.92   0.94   0.95   0.96   0.97   0.98   0.99   0.99   0.99   1      1      1      1      1      1      1      1      1      1      1      0.99   0.99   0.99   0.99   0.99   0.99   0.98   0.98   0.98   0.98   0.98   0.97   0.97   0.97   0.97   0.97   0.97   0.96   0.96  -0.29 
 -0      0.61  -0.12   0.31   0.51   0.63   0.72   0.78   0.83   0.86   0.89   0.91   0.93   0.95   0.96   0.97   0.98   0.98   0.99   0.99   0.99   1      1      1      1      1      1      1      1      1      1      1      0.99   0.99   0.99   0.99   0.99   0.99   0.99   0.98   0.98   0.98   0.98   0.98   0.98   0.97   0.97   0.97   0.97   0.97  -0.28 
 -0      0.6   -0.12   0.3    0.5    0.63   0.71   0.77   0.82   0.86   0.88   0.91   0.93   0.94   0.95   0.96   0.97   0.98   0.98   0.99   0.99   1      1      1      1      1      1      1      1      1      1      1      1      0.99   0.99   0.99   0.99   0.99   0.99   0.99   0.99   0.98   0.98   0.98   0.98   0.98   0.98   0.97   0.97   0.97  -0.28 
  0      0.6   -0.12   0.29   0.49   0.62   0.7    0.76   0.81   0.85   0.88   0.9    0.92   0.94   0.95   0.96   0.97   0.98   0.98   0.99   0.99   0.99   1      1      1      1      1      1      1      1      1      1      1      1      1      0.99   0.99   0.99   0.99   0.99   0.99   0.99   0.99   0.98   0.98   0.98   0.98   0.98   0.98   0.98  -0.27 
 -0      0.59  -0.12   0.29   0.49   0.61   0.69   0.76   0.8    0.84   0.87   0.89   0.91   0.93   0.94   0.96   0.96   0.97   0.98   0.98   0.99   0.99   0.99   1      1      1      1      1      1      1      1      1      1      1      1      1      0.99   0.99   0.99   0.99   0.99   0.99   0.99   0.99   0.99   0.98   0.98   0.98   0.98   0.98  -0.27 
  0      0.59  -0.12   0.28   0.48   0.6    0.69   0.75   0.8    0.83   0.86   0.89   0.91   0.93   0.94   0.95   0.96   0.97   0.98   0.98   0.99   0.99   0.99   0.99   1      1      1      1      1      1      1      1      1      1      1      1      1      1      0.99   0.99   0.99   0.99   0.99   0.99   0.99   0.99   0.99   0.98   0.98   0.98  -0.27 
  0      0.58  -0.12   0.28   0.47   0.59   0.68   0.74   0.79   0.83   0.86   0.88   0.9    0.92   0.94   0.95   0.96   0.97   0.97   0.98   0.98   0.99   0.99   0.99   1      1      1      1      1      1      1      1      1      1      1      1      1      1      1      0.99   0.99   0.99   0.99   0.99   0.99   0.99   0.99   0.99   0.99   0.98  -0.26 
  0      0.58  -0.12   0.27   0.47   0.59   0.67   0.73   0.78   0.82   0.85   0.88   0.9    0.92   0.93   0.94   0.95   0.96   0.97   0.98   0.98   0.98   0.99   0.99   0.99   1      1      1      1      1      1      1      1      1      1      1      1      1      1      1      1      0.99   0.99   0.99   0.99   0.99   0.99   0.99   0.99   0.99  -0.26 
  0      0.57  -0.12   0.27   0.46   0.58   0.67   0.73   0.78   0.81   0.85   0.87   0.89   0.91   0.93   0.94   0.95   0.96   0.97   0.97   0.98   0.98   0.99   0.99   0.99   0.99   1      1      1      1      1      1      1      1      1      1      1      1      1      1      1      1      0.99   0.99   0.99   0.99   0.99   0.99   0.99   0.99  -0.26 
  0      0.57  -0.12   0.27   0.46   0.58   0.66   0.72   0.77   0.81   0.84   0.87   0.89   0.91   0.92   0.93   0.95   0.95   0.96   0.97   0.98   0.98   0.98   0.99   0.99   0.99   0.99   1      1      1      1      1      1      1      1      1      1      1      1      1      1      1      1      1      0.99   0.99   0.99   0.99   0.99   0.99  -0.25 
 -0      0.56  -0.12   0.26   0.45   0.57   0.65   0.72   0.76   0.8    0.83   0.86   0.88   0.9    0.92   0.93   0.94   0.95   0.96   0.97   0.97   0.98   0.98   0.99   0.99   0.99   0.99   1      1      1      1      1      1      1      1      1      1      1      1      1      1      1      1      1      1      1      0.99   0.99   0.99   0.99  -0.25 
 -0      0.56  -0.12   0.26   0.45   0.56   0.65   0.71   0.76   0.8    0.83   0.86   0.88   0.9    0.91   0.93   0.94   0.95   0.96   0.96   0.97   0.98   0.98   0.98   0.99   0.99   0.99   0.99   1      1      1      1      1      1      1      1      1      1      1      1      1      1      1      1      1      1      1      0.99   0.99   0.99  -0.25 
 -0      0.56  -0.12   0.26   0.44   0.56   0.64   0.7    0.75   0.79   0.82   0.85   0.87   0.89   0.91   0.92   0.93   0.94   0.95   0.96   0.97   0.97   0.98   0.98   0.99   0.99   0.99   0.99   0.99   1      1      1      1      1      1      1      1      1      1      1      1      1      1      1      1      1      1      1      1      0.99  -0.24 
  0      0.55  -0.12   0.25   0.44   0.55   0.64   0.7    0.75   0.79   0.82   0.85   0.87   0.89   0.91   0.92   0.93   0.94   0.95   0.96   0.96   0.97   0.98   0.98   0.98   0.99   0.99   0.99   0.99   1      1      1      1      1      1      1      1      1      1      1      1      1      1      1      1      1      1      1      1      1     -0.24 
 -0      0.55  -0.12   0.25   0.43   0.55   0.63   0.69   0.74   0.78   0.81   0.84   0.87   0.88   0.9    0.92   0.93   0.94   0.95   0.96   0.96   0.97   0.97   0.98   0.98   0.99   0.99   0.99   0.99   0.99   1      1      1      1      1      1      1      1      1      1      1      1      1      1      1      1      1      1      1      1     -0.24 
 -0      0.55  -0.12   0.25   0.43   0.54   0.63   0.69   0.74   0.78   0.81   0.84   0.86   0.88   0.9    0.91   0.92   0.94   0.94   0.95   0.96   0.97   0.97   0.98   0.98   0.98   0.99   0.99   0.99   0.99   0.99   1      1      1      1      1      1      1      1      1      1      1      1      1      1      1      1      1      1      1     -0.24 
 -0      0.54  -0.11   0.24   0.43   0.54   0.62   0.68   0.73   0.77   0.81   0.83   0.86   0.88   0.89   0.91   0.92   0.93   0.94   0.95   0.96   0.96   0.97   0.97   0.98   0.98   0.99   0.99   0.99   0.99   0.99   1      1      1      1      1      1      1      1      1      1      1      1      1      1      1      1      1      1      1     -0.24 
 -0      0.54  -0.11   0.24   0.42   0.54   0.62   0.68   0.73   0.77   0.8    0.83   0.85   0.87   0.89   0.91   0.92   0.93   0.94   0.95   0.96   0.96   0.97   0.97   0.98   0.98   0.98   0.99   0.99   0.99   0.99   0.99   1      1      1      1      1      1      1      1      1      1      1      1      1      1      1      1      1      1     -0.23 
  0      0.54  -0.11   0.24   0.42   0.53   0.61   0.68   0.72   0.76   0.8    0.83   0.85   0.87   0.89   0.9    0.92   0.93   0.94   0.95   0.95   0.96   0.97   0.97   0.97   0.98   0.98   0.99   0.99   0.99   0.99   0.99   0.99   1      1      1      1      1      1      1      1      1      1      1      1      1      1      1      1      1     -0.23 
  0      0.53  -0.11   0.24   0.42   0.53   0.61   0.67   0.72   0.76   0.79   0.82   0.85   0.87   0.88   0.9    0.91   0.92   0.93   0.94   0.95   0.96   0.96   0.97   0.97   0.98   0.98   0.98   0.99   0.99   0.99   0.99   0.99   1      1      1      1      1      1      1      1      1      1      1      1      1      1      1      1      1     -0.23 
  0      0.53  -0.11   0.24   0.41   0.53   0.61   0.67   0.72   0.76   0.79   0.82   0.84   0.86   0.88   0.9    0.91   0.92   0.93   0.94   0.95   0.96   0.96   0.97   0.97   0.98   0.98   0.98   0.99   0.99   0.99   0.99   0.99   0.99   1      1      1      1      1      1      1      1      1      1      1      1      1      1      1      1     -0.23 
 -0      0.53  -0.11   0.23   0.41   0.52   0.6    0.66   0.71   0.75   0.79   0.82   0.84   0.86   0.88   0.89   0.91   0.92   0.93   0.94   0.95   0.95   0.96   0.96   0.97   0.97   0.98   0.98   0.98   0.99   0.99   0.99   0.99   0.99   1      1      1      1      1      1      1      1      1      1      1      1      1      1      1      1     -0.23 
  0      0.53  -0.11   0.23   0.41   0.52   0.6    0.66   0.71   0.75   0.78   0.81   0.84   0.86   0.87   0.89   0.9    0.92   0.93   0.94   0.94   0.95   0.96   0.96   0.97   0.97   0.98   0.98   0.98   0.99   0.99   0.99   0.99   0.99   0.99   1      1      1      1      1      1      1      1      1      1      1      1      1      1      1     -0.23 
  0      0.52  -0.11   0.23   0.4    0.52   0.6    0.66   0.71   0.75   0.78   0.81   0.83   0.85   0.87   0.89   0.9    0.91   0.92   0.93   0.94   0.95   0.96   0.96   0.97   0.97   0.97   0.98   0.98   0.98   0.99   0.99   0.99   0.99   0.99   0.99   1      1      1      1      1      1      1      1      1      1      1      1      1      1     -0.22 
  0      0.52  -0.11   0.23   0.4    0.51   0.59   0.65   0.7    0.74   0.78   0.81   0.83   0.85   0.87   0.89   0.9    0.91   0.92   0.93   0.94   0.95   0.95   0.96   0.96   0.97   0.97   0.98   0.98   0.98   0.99   0.99   0.99   0.99   0.99   0.99   1      1      1      1      1      1      1      1      1      1      1      1      1      1     -0.22 
 -0      0.52  -0.11   0.23   0.4    0.51   0.59   0.65   0.7    0.74   0.77   0.8    0.83   0.85   0.87   0.88   0.9    0.91   0.92   0.93   0.94   0.95   0.95   0.96   0.96   0.97   0.97   0.98   0.98   0.98   0.98   0.99   0.99   0.99   0.99   0.99   0.99   1      1      1      1      1      1      1      1      1      1      1      1      1     -0.22 
 -0     -0     -0.78  -0.81  -0.7   -0.62  -0.56  -0.52  -0.48  -0.45  -0.43  -0.41  -0.39  -0.38  -0.37  -0.35  -0.34  -0.33  -0.33  -0.32  -0.31  -0.3   -0.3   -0.29  -0.29  -0.28  -0.28  -0.27  -0.27  -0.27  -0.26  -0.26  -0.26  -0.25  -0.25  -0.25  -0.24  -0.24  -0.24  -0.24  -0.24  -0.23  -0.23  -0.23  -0.23  -0.23  -0.23  -0.22  -0.22  -0.22   1    


eigenvalue	proportion	cumulative
 42.58633	  0.83503	  0.83503	-0.153X21-0.153X22-0.153X20-0.153X23-0.152X19...
  4.50479	  0.08833	  0.92336	0.368X2+0.361X3+0.324X4-0.303X49+0.285X5...
  1.99733	  0.03916	  0.96252	-0.644X1+0.484X49+0.401Temperature-0.205X2+0.103X7...

Eigenvectors
 V1	 V2	 V3	
-0     	 0     	 0     	Pressure
-0.0982	 0.1064	 0.4014	Temperature
 0.0179	 0.1294	-0.6444	X1
-0.058 	 0.3681	-0.2054	X2
-0.0899	 0.3606	-0.0282	X3
-0.1079	 0.3244	 0.0489	X4
-0.1195	 0.2852	 0.0841	X5
-0.1276	 0.2483	 0.099 	X6
-0.1335	 0.215 	 0.1034	X7
-0.138 	 0.185 	 0.1019	X8
-0.1415	 0.1583	 0.0971	X9
-0.1441	 0.1344	 0.0905	X10
-0.1462	 0.1129	 0.083 	X11
-0.1479	 0.0935	 0.0749	X12
-0.1492	 0.076 	 0.0668	X13
-0.1502	 0.0602	 0.0587	X14
-0.1509	 0.0458	 0.0508	X15
-0.1515	 0.0327	 0.0432	X16
-0.152 	 0.0207	 0.0359	X17
-0.1523	 0.0097	 0.0289	X18
-0.1525	-0.0003	 0.0223	X19
-0.1526	-0.0096	 0.016 	X20
-0.1527	-0.0182	 0.01  	X21
-0.1526	-0.026 	 0.0043	X22
-0.1526	-0.0334	-0.001 	X23
-0.1525	-0.0401	-0.0061	X24
-0.1523	-0.0464	-0.0109	X25
-0.1522	-0.0522	-0.0154	X26
-0.152 	-0.0577	-0.0197	X27
-0.1517	-0.0627	-0.0237	X28
-0.1515	-0.0675	-0.0275	X29
-0.1513	-0.0719	-0.0311	X30
-0.151 	-0.076 	-0.0345	X31
-0.1507	-0.0798	-0.0378	X32
-0.1505	-0.0834	-0.0408	X33
-0.1502	-0.0868	-0.0437	X34
-0.1499	-0.09  	-0.0464	X35
-0.1496	-0.093 	-0.049 	X36
-0.1494	-0.0957	-0.0515	X37
-0.1491	-0.0984	-0.0538	X38
-0.1488	-0.1008	-0.0559	X39
-0.1485	-0.1031	-0.058 	X40
-0.1483	-0.1053	-0.06  	X41
-0.148 	-0.1073	-0.0618	X42
-0.1477	-0.1093	-0.0636	X43
-0.1475	-0.1111	-0.0652	X44
-0.1472	-0.1127	-0.0668	X45
-0.147 	-0.1143	-0.0683	X46
-0.1468	-0.1158	-0.0696	X47
-0.1466	-0.1172	-0.071 	X48
 0.0508	-0.3026	 0.484 	X49

Ranked attributes:
 0.165   1 -0.153X21-0.153X22-0.153X20-0.153X23-0.152X19...
 0.0766  2 0.368X2+0.361X3+0.324X4-0.303X49+0.285X5...
 0.0375  3 -0.644X1+0.484X49+0.401Temperature-0.205X2+0.103X7...

Selected attributes: 1,2,3 : 3

